{
    "base_ee": [
        [
            [
                0.3815559811361829,
                0.8817974695991784,
                -0.2772151797208998,
                -549.362
            ],
            [
                -0.8662558704557581,
                0.44575784541002034,
                0.2256118573044271,
                42.653
            ],
            [
                0.32251480610995464,
                0.1540557232429303,
                0.9339438066478924,
                561.389
            ],
            [
                0.0,
                0.0,
                0.0,
                1.0
            ]
        ],
        [
            [
                -0.5412451344094837,
                -0.4388881877000318,
                -0.7172383586893841,
                -549.362
            ],
            [
                0.20528632104064193,
                -0.8961357563873249,
                0.3934440652973631,
                42.653
            ],
            [
                -0.8154208918538073,
                0.06571046203991295,
                0.5751268593161363,
                561.389
            ],
            [
                0.0,
                0.0,
                0.0,
                1.0
            ]
        ]
    ],
    "cam_marker": [
        [
            [
                -0.9798555113744423,
                0.15158515642395368,
                0.13001967997597805,
                -0.9719879496087306
            ],
            [
                0.17411193874746037,
                0.967307113756944,
                0.18439625934603326,
                -0.5339213465532898
            ],
            [
                -0.09781722555220457,
                0.20331966955298358,
                -0.9742139920767586,
                1.191746834067746
            ],
            [
                0.0,
                0.0,
                0.0,
                1.0
            ]
        ],
        [
            [
                -0.9798555113744423,
                0.15158515642395368,
                0.13001967997597805,
                -0.9719879496087306
            ],
            [
                0.17411193874746037,
                0.967307113756944,
                0.18439625934603326,
                -0.5339213465532898
            ],
            [
                -0.09781722555220457,
                0.20331966955298358,
                -0.9742139920767586,
                1.191746834067746
            ],
            [
                0.0,
                0.0,
                0.0,
                1.0
            ]
        ]
    ]
}